449
450
442
443
444
445
446
383
384
385
386
387
388
389
390
391
392
393
394
395
396
397
398
399
400
494
495
496
497
498
499
500
501
458
459
460
461
462
463
464
465
466
467
468
469
470
471
472
473
475
476
474
477
478
479
480
481
482
483
484
485
486
487
488
489
490
491
492
493
601
602
603
604
605
606
607
608
609
610
611
401
402
403
404
405
406
407
408
409
410
411
412
413
414
415
416
417
418
419
420
421
214
215
217
216
213
218
647
648
649
650
651
652
653
654
655
656
226
613
614
615
616
617
618
619
620
612
422
423
424
425
427
426
428
429
430
438
431
432
433
434
435
436
437
439
440
441
6
22
193
14
173
99
87
69
116
198
43
89
200
98
161
132
32
180
42
18
207
181
105
77
189
20
204
63
31
66
21
25
45
170
119
210
107
126
88
145
59
160
152
72
33
91
4
27
113
123
36
156
109
158
131
26
71
56
146
144
125
176
139
134
90
2
192
154
150
94
5
19
191
196
117
141
68
93
51
208
184
97
29
171
124
128
47
64
211
112
187
114
86
115
79
130
140
110
82
17
177
149
15
3
41
127
84
143
133
60
172
179
118
168
148
70
197
50
106
49
151
46
205
102
28
58
155
136
202
34
62
1
159
67
174
55
10
95
8
11
201
85
153
30
190
76
206
61
163
103
209
74
35
621
622
623
624
625
626
627
628
629
630
224
631
632
633
634
635
636
637
638
639
640
641
642
643
644
645
646
225
657
658
188
129
164
157
13
53
183
195
101
39
80
147
78
120
167
108
162
165
81
52
9
65
57
12
121
186
48
23
182
40
212
44
16
178
38
83
104
96
185
122
73
135
137
138
203
54
100
175
142
166
37
111
92
199
75
194
24
7
169
447
451
448
452
453
456
457
454
455
547
853
896
223
345
246
230
232
677
265
264
522
688
845
752
540
847
704
767
233
907
967
341
718
916
307
705
683
518
905
258
807
908
296
353
785
909
884
266
733
991
849
777
811
933
941
254
985
835
533
839
689
252
940
805
300
706
779
538
817
716
872
719
949
851
820
580
833
887
707
267
673
591
539
239
377
836
576
568
891
749
563
548
890
929
701
241
987
342
914
827
721
902
382
762
303
335
301
801
690
695
370
713
797
979
761
996
674
698
583
543
708
243
268
376
347
910
881
297
545
778
898
298
670
756
856
865
720
313
550
959
966
523
529
315
821
667
579
715
253
897
972
834
336
799
1000
662
512
346
262
316
879
660
808
796
305
235
279
919
995
356
309
784
261
712
934
299
256
348
671
757
280
971
567
955
275
792
276
236
337
911
227
684
725
703
517
581
895
249
375
840
505
551
750
573
350
344
554
369
787
696
730
562
802
924
293
525
980
659
592
748
269
961
963
294
560
770
773
582
918
892
814
228
374
988
371
687
238
546
270
244
867
973
894
508
536
697
532
818
917
782
977
763
338
339
781
984
598
922
946
302
717
509
661
866
875
920
880
271
251
871
829
290
272
764
686
869
277
824
854
691
852
260
255
728
511
599
284
588
585
595
755
915
552
699
354
351
520
513
333
870
937
295
506
921
826
564
584
504
759
685
352
877
942
994
306
527
257
679
843
732
842
850
883
783
789
575
926
722
281
596
931
901
888
841
565
245
983
372
693
964
731
381
378
857
923
285
855
314
788
838
566
373
769
556
702
542
534
572
846
939
862
976
273
860
571
863
537
927
286
570
965
668
578
694
219
541
310
663
997
876
519
760
753
586
952
751
938
355
809
521
962
221
729
510
587
379
589
559
800
709
832
950
259
380
868
747
590
776
943
549
726
557
507
288
278
960
222
986
577
925
822
858
515
234
676
237
600
775
274
593
804
263
680
340
530
998
724
528
516
514
287
957
311
692
247
794
526
574
535
810
681
828
837
945
569
561
531
304
250
978
675
786
944
970
989
903
758
555
308
780
664
710
312
594
700
282
711
289
283
766
825
291
242
597
678
882
349
765
727
544
220
292
334
666
874
990
969
558
790
682
343
936
665
524
928
317
231
906
669
958
819
795
772
502
899
912
904
935
831
503
672
951
815
723
248
240
714
553
930
791
932
861
774
803
754
813
844
771
793
974
968
873
768
975
993
885
734
736
737
738
739
740
741
742
743
744
735
745
746
318
229
319
320
321
322
323
324
325
326
816
999
953
864
806
948
830
900
798
947
859
823
361
992
359
365
368
366
363
364
367
360
362
954
848
982
330
357
358
331
327
328
332
886
913
956
893
878
812
981
329
889
